20
0.00 0.66 0.71 1.27 0.78 1.02 0.55 1.34 0.47 0.99 0.77 0.96 1.22 0.68 0.54 1.19 1.39 0.78 0.52 0.73
0.66 0.00 0.50 0.71 1.23 1.32 1.17 1.58 1.04 0.98 1.22 0.58 0.44 1.36 0.22 1.01 0.93 0.23 1.02 1.47
0.71 0.50 0.00 1.34 0.85 1.25 1.18 1.53 0.98 1.02 1.60 0.80 0.34 1.13 0.29 1.26 1.01 0.87 0.65 1.06
1.27 0.71 1.34 0.00 0.74 1.18 1.32 0.47 1.67 1.35 1.07 0.61 0.84 1.07 0.81 0.77 0.95 0.47 1.50 1.45
0.78 1.23 0.85 0.74 0.00 1.07 0.90 0.42 1.25 1.30 1.09 0.93 1.10 0.62 0.74 1.06 1.52 1.07 0.88 0.93
1.02 1.32 1.25 1.18 1.07 0.00 0.56 0.96 0.96 1.25 1.07 0.94 1.13 1.08 1.17 1.53 1.00 1.71 1.43 0.30
0.55 1.17 1.18 1.32 0.90 0.56 0.00 1.08 0.59 0.57 0.46 1.08 1.47 1.12 0.93 1.23 1.75 1.30 1.17 0.71
1.34 1.58 1.53 0.47 0.42 0.96 1.08 0.00 1.51 1.38 0.99 1.10 1.33 0.57 1.30 0.80 1.08 1.22 1.25 0.97
0.47 1.04 0.98 1.67 1.25 0.96 0.59 1.51 0.00 0.47 0.55 1.64 1.60 0.70 1.13 1.15 1.28 1.04 0.32 0.88
0.99 0.98 1.02 1.35 1.30 1.25 0.57 1.38 0.47 0.00 0.62 1.30 1.30 1.18 1.05 1.14 1.55 0.89 0.86 1.30
0.77 1.22 1.60 1.07 1.09 1.07 0.46 0.99 0.55 0.62 0.00 1.27 1.69 1.09 1.43 0.53 1.40 0.85 0.96 1.14
0.96 0.58 0.80 0.61 0.93 0.94 1.08 1.10 1.64 1.30 1.27 0.00 0.31 1.52 0.63 1.18 0.95 0.80 1.59 0.86
1.22 0.44 0.34 0.84 1.10 1.13 1.47 1.33 1.60 1.30 1.69 0.31 0.00 1.55 0.48 1.10 0.61 0.80 1.32 1.14
0.68 1.36 1.13 1.07 0.62 1.08 1.12 0.57 0.70 1.18 1.09 1.52 1.55 0.00 1.13 1.17 1.03 1.14 0.37 0.72
0.54 0.22 0.29 0.81 0.74 1.17 0.93 1.30 1.13 1.05 1.43 0.63 0.48 1.13 0.00 1.25 1.27 0.55 0.98 1.26
1.19 1.01 1.26 0.77 1.06 1.53 1.23 0.80 1.15 1.14 0.53 1.18 1.10 1.17 1.25 0.00 0.76 0.60 0.95 1.59
1.39 0.93 1.01 0.95 1.52 1.00 1.75 1.08 1.28 1.55 1.40 0.95 0.61 1.03 1.27 0.76 0.00 1.01 1.02 0.95
0.78 0.23 0.87 0.47 1.07 1.71 1.30 1.22 1.04 0.89 0.85 0.80 0.80 1.14 0.55 0.60 1.01 0.00 0.87 1.76
0.52 1.02 0.65 1.50 0.88 1.43 1.17 1.25 0.32 0.86 0.96 1.59 1.32 0.37 0.98 0.95 1.02 0.87 0.00 1.01
0.73 1.47 1.06 1.45 0.93 0.30 0.71 0.97 0.88 1.30 1.14 0.86 1.14 0.72 1.26 1.59 0.95 1.76 1.01 0.00
