6 2
3.4 14.9
19.3 8.5
7.3 4.5
2.0 7.5
10.7 13.8
17.4 19.5
4.3 7.5
7.4 16.2
0.0 14.3
1.3 16.2
11.0 9.0
10.4 9.7
0.1 5.3
4.2 14.1
7.4 1.5
2.8 14.6
3.5 1.9
0.7 2.0
8.7 7.7
9.9 5.5
0.7 7.8
0.3 4.9
11.0 11.0
4.7 5.1
17.7 12.4
21.3 5.3
13.7 10.1
0.0 1.7
11.8 1.8
11.2 7.3
3.7 1.2
2.1 2.8
12.8 17.6
1.4 1.8
8.2 9.5
5.7 4.2
1.3 2.8
4.0 18.7
11.2 14.4
1.4 5.7
5.0 19.1
5.8 3.3
1.3 11.3
0.7 8.2
11.6 18.8
5.5 14.2
7.0 0.6
4.1 10.7
1.1 9.6
11.2 12.4
8.6 2.8
5.3 3.0
20.0 5.8
5.9 2.5
4.0 3.9
0.5 4.9
17.1 0.5
2.3 4.6
2.0 0.5
7.0 0.2
5.5 0.7
17.8 6.0
2.5 0.2
7.6 2.0
9.9 0.8
3.8 3.8
1.2 8.6
8.5 9.8
9.2 4.9
0.8 1.1
1.2 7.8
8.0 11.1
6.1 5.4
1.2 0.6
15.0 7.1
23.6 3.9
11.8 0.0
9.7 3.0
8.4 10.9
1.9 13.5
10.7 7.9
12.6 5.9
1.9 10.4
9.2 18.9
4.2 3.1
10.2 2.5
8.4 0.8
10.5 18.5
18.2 15.9
1.0 3.1
11.2 22.7
20.5 8.1
0.8 17.4
12.3 8.7
18.7 0.4
16.7 5.0
9.6 15.4
9.9 4.1
4.3 22.5
1.1 2.2
4.0 6.1
5.2 5.8
4.5 15.7
6.5 3.8
1.2 5.3
9.3 3.2
18.3 15.9
12.6 14.0
2.4 8.3
11.5 6.1
8.2 3.7
14.6 9.9
15.2 9.0
8.5 3.3
7.8 4.5
4.4 9.9
2.1 6.4
12.1 7.9
3.5 6.2
2.3 7.7
3.2 10.7
12.7 1.5
4.1 11.8
12.8 9.8
11.9 4.2
6.2 0.6
3.9 9.8
6.3 1.5
3.7 9.8
4.7 14.3
11.1 16.6
22.4 12.9
7.7 3.6
1.4 11.7
7.8 1.0
15.6 9.9
6.1 0.0
13.1 1.4
19.2 5.2
5.5 6.1
1.1 2.1
13.4 9.2
11.9 6.3
9.0 16.0
0.1 3.5
3.5 9.2
5.7 2.1
6.2 4.8
7.8 3.6
13.4 2.8
14.3 1.8
17.7 4.2
2.0 9.1
5.4 5.3
12.9 6.1
9.3 6.3
6.8 26.5
9.5 2.7
6.5 2.6
4.6 9.1
12.1 3.1
6.3 8.4
2.2 12.9
5.1 5.6
2.7 5.7
2.7 19.1
9.1 15.0
9.9 20.5
17.1 16.1
19.4 2.5
12.7 10.5
5.8 6.1
4.0 4.1
3.9 2.8
7.7 9.2
6.1 2.6
23.1 3.3
5.0 25.7
18.7 3.6
2.1 6.8
0.1 0.9
5.6 6.2
13.8 14.9
1.6 9.4
0.7 14.3
5.8 4.8
14.5 13.7
0.5 0.3
16.0 12.1
20.4 5.5
0.7 4.4
13.7 4.4
4.4 7.2
3.4 5.2
5.1 0.1
4.5 6.4
9.0 15.5
5.6 10.1
6.0 9.3
3.6 7.5
18.7 7.2
0.3 5.8
10.2 11.9
14.6 2.6
11.2 1.7
0.6 2.8
2.0 2.9
4.9 4.5
4.9 0.3
1.1 19.0
7.5 12.4
8.7 1.7
19.9 9.7
12.1 6.9
2.9 0.2
10.6 0.3
1.1 12.6
2.6 5.3
14.7 6.5
15.5 1.1
13.6 4.0
10.9 12.3
19.7 0.2
15.5 14.5
14.4 4.8
10.8 4.2
8.8 3.8
8.9 1.8
10.0 7.1
15.2 14.1
2.6 2.3
14.0 12.2
12.8 17.8
3.3 8.4
21.2 2.4
10.9 9.7
14.5 6.9
0.6 2.6
4.3 2.0
25.5 1.5
3.8 5.4
12.7 10.8
11.9 14.8
10.6 2.6
18.5 0.9
0.4 4.9
7.3 12.5
1.5 1.0
5.8 9.0
2.1 1.0
1.8 13.9
9.0 3.7
18.7 6.1
10.0 14.7
15.0 4.9
5.2 20.7
15.4 2.1
25.7 19.6
1.6 5.8
6.3 6.8
5.4 17.7
1.8 2.5
7.0 9.4
6.3 7.5
6.6 4.5
6.6 4.1
2.7 1.9
4.5 5.3
0.4 20.2
1.1 7.0
23.3 5.0
9.7 8.1
10.4 2.1
9.7 3.5
4.4 11.8
9.4 9.6
2.1 17.0
2.0 1.1
12.6 10.3
1.1 15.1
0.8 0.1
1.3 23.4
6.1 3.8
2.0 0.6
18.1 2.1
3.5 2.0
10.1 9.3
24.7 16.1
0.6 7.0
6.4 1.9
1.3 0.6
3.8 0.0
2.8 7.5
4.5 2.5
3.1 3.5
6.9 17.3
0.6 4.9
11.3 9.3
1.2 1.7
14.5 7.1
0.2 12.7
10.2 12.9
8.7 0.1
3.3 1.4
16.7 7.0
4.6 8.7
2.9 3.4
11.9 3.7
6.8 6.9
10.2 3.2
2.5 10.1
5.3 1.2
9.4 5.2
1.7 2.7
5.9 5.7
2.7 0.5
5.1 8.9
0.3 2.4
6.9 10.1
7.5 8.6
0.3 2.4
4.2 0.6
8.6 8.7
3.7 0.9
8.7 3.8
9.0 9.6
0.4 12.4
3.3 6.2
3.0 19.1
2.2 10.4
1.8 4.0
7.0 8.8
9.8 11.8
17.3 9.4
1.2 14.7
1.2 5.6
0.5 3.2
11.2 6.6
0.1 5.8
6.2 8.8
4.9 10.4
24.3 11.7
0.1 3.7
14.0 2.3
8.6 5.3
12.2 6.1
15.6 19.5
3.6 4.5
5.3 6.9
16.2 10.9
1.9 1.2
8.9 3.6
0.9 11.2
8.8 3.4
18.5 9.1
11.2 15.8
14.2 16.9
1.0 1.2
0.6 17.8
0.4 4.6
12.3 9.4
15.9 5.6
5.2 14.2
1.6 6.2
9.2 4.7
14.2 7.2
12.3 16.6
2.3 1.1
31.7 6.8
4.1 8.3
1.0 11.2
1.9 15.0
6.9 7.8
16.3 2.9
11.7 13.6
10.3 0.2
7.1 10.3
12.4 11.9
7.7 6.0
8.7 12.8
9.1 8.5
5.8 1.5
1.5 4.5
9.3 2.1
3.9 2.2
5.1 0.4
19.3 10.7
5.1 10.4
5.0 7.3
7.5 6.9
35.6 3.3
0.5 9.0
2.3 12.2
13.5 0.8
0.3 12.2
17.5 29.4
12.0 2.9
3.7 4.2
20.3 4.7
17.5 6.0
1.6 9.9
2.1 10.7
9.0 14.1
0.4 2.2
11.9 8.2
9.6 5.8
7.3 1.8
19.8 10.9
7.7 18.3
3.7 6.4
4.1 0.9
1.7 34.2
6.2 13.0
15.1 9.0
13.4 0.7
2.1 7.9
0.3 17.5
1.0 6.0
9.1 16.6
1.1 5.3
1.8 2.9
2.1 9.9
12.0 1.5
7.0 8.1
4.9 5.5
13.5 2.2
13.0 5.4
3.2 18.3
4.5 8.4
2.1 4.6
4.9 11.5
1.8 6.9
1.6 5.3
4.4 7.8
7.2 12.9
5.7 2.4
11.7 7.0
6.2 8.9
1.6 6.5
4.9 8.2
14.4 8.9
6.9 4.7
16.3 3.8
4.3 3.5
12.4 5.8
11.3 23.8
11.9 7.3
4.4 1.6
9.0 8.9
4.4 5.8
3.5 6.8
10.6 9.2
10.0 0.7
13.3 6.4
6.0 5.2
7.2 9.8
0.1 15.4
10.8 15.0
13.6 11.6
3.2 6.8
9.8 1.3
4.7 13.7
7.4 5.7
4.5 8.1
7.1 9.4
9.7 5.7
5.0 6.2
6.5 12.6
14.5 4.2
12.8 4.5
4.4 11.0
7.7 17.7
3.9 5.3
9.6 2.1
2.5 5.8
14.6 0.9
7.2 22.0
6.9 8.3
15.7 6.4
2.8 2.4
11.9 16.9
2.0 15.2
3.5 10.4
12.3 1.1
16.6 1.9
4.8 3.1
10.3 9.1
27.1 10.3
19.8 11.5
1.2 17.4
0.8 10.0
7.3 6.9
16.0 12.4
16.9 7.7
9.1 11.5
1.0 2.4
3.2 4.2
14.3 0.5
10.5 4.7
13.3 16.9
1.4 16.3
7.4 6.6
5.3 2.8
9.0 1.5
0.9 7.3
20.1 10.6
9.0 3.8
4.1 14.3
16.7 4.6
6.4 3.2
16.2 1.0
15.9 5.7
2.2 12.6
7.8 1.0
10.6 8.6
15.9 8.9
0.7 8.3
17.9 0.3
9.8 20.1
0.7 6.1
20.0 7.4
9.6 13.3
4.6 17.2
4.6 7.1
2.3 7.2
11.2 9.1
6.0 5.0
1.0 11.6
9.3 10.6
16.0 3.4
12.7 11.8
0.1 1.0
12.7 3.5
17.1 8.3
9.6 9.5
6.2 17.2
13.5 8.7
1.9 3.4
14.4 6.6
6.5 1.7
8.9 8.1
12.9 2.4
6.8 11.2
0.4 12.2
3.9 5.4
7.3 9.6
6.0 11.9
7.4 7.2
4.8 7.1
8.1 5.6
0.4 10.0
2.2 12.7
16.0 7.8
1.7 2.4
10.6 12.5
6.4 9.7
4.1 5.4
5.0 6.8
4.8 12.4
1.5 2.5
11.2 12.9
9.2 14.1
8.9 2.1
8.0 6.9
8.3 6.7
13.5 13.8
3.4 0.7
3.5 0.1
23.6 0.1
14.6 3.1
13.5 0.5
7.5 2.0
21.3 18.8
23.3 0.9
1.2 1.0
3.0 8.6
8.7 5.1
4.7 16.2
11.6 5.0
3.2 18.7
1.3 8.6
7.6 0.3
5.1 0.5
4.4 18.0
6.3 19.6
9.2 1.1
4.1 12.2
13.5 4.1
2.2 4.7
10.3 8.0
3.2 7.3
14.4 16.9
5.3 15.2
9.9 7.7
5.9 11.6
4.6 12.1
12.0 6.5
8.1 3.4
0.7 0.5
24.9 22.2
11.5 19.4
5.9 5.6
5.0 2.3
7.5 4.9
13.3 1.2
2.2 10.0
7.0 8.6
7.6 5.4
11.8 21.3
17.3 4.7
25.3 13.4
4.6 0.7
7.9 13.9
0.1 20.3
10.0 13.3
3.0 16.6
3.1 10.1
9.1 7.2
1.7 5.9
2.6 4.2
14.3 20.9
4.7 7.7
4.5 11.9
11.5 16.8
10.4 6.9
13.0 1.9
2.5 5.2
12.5 4.4
1.0 12.1
4.1 15.1
4.9 0.6
13.1 10.1
8.9 4.8
15.9 3.1
15.1 7.7
15.6 10.7
4.6 1.9
9.8 7.1
2.3 4.8
1.0 17.6
0.7 16.2
3.9 2.1
7.1 2.4
9.5 0.9
7.7 2.9
1.2 12.9
13.1 8.3
3.9 0.5
3.6 15.4
15.0 2.8
2.0 2.1
4.7 1.0
12.1 5.7
18.5 10.5
3.3 19.3
13.4 6.1
5.0 5.6
19.8 2.1
23.4 6.9
2.9 3.9
16.7 6.6
4.6 30.4
12.4 8.2
1.5 3.9
0.3 0.8
1.8 10.8
1.1 6.2
7.2 3.4
4.3 13.5
1.4 15.5
1.9 13.8
5.8 0.6
1.7 8.6
18.8 2.8
4.0 13.5
15.3 8.0
6.1 3.2
0.7 13.3
20.9 5.5
9.1 1.0
9.3 0.0
15.9 9.0
4.0 3.0
1.3 7.3
21.2 7.6
10.0 17.1
11.2 4.9
6.0 4.0
22.0 2.3
8.3 2.9
2.8 20.4
3.5 22.8
10.6 11.0
3.6 5.0
10.0 10.8
13.8 4.3
9.7 9.7
2.7 10.0
8.9 2.7
9.4 0.6
1.1 8.8
9.2 11.0
18.9 23.3
14.9 4.9
1.4 0.8
7.3 10.9
6.5 2.0
10.0 1.5
22.2 14.0
7.3 10.1
12.5 24.1
9.4 10.4
0.4 3.9
11.6 5.7
5.7 12.1
2.3 0.4
6.2 3.6
3.8 4.1
16.6 7.3
2.2 0.3
11.8 0.7
14.0 2.6
16.3 21.4
6.3 4.1
12.6 1.6
9.9 1.7
0.5 9.4
7.5 9.3
11.1 6.4
21.4 3.8
14.7 2.3
3.7 11.5
5.7 24.2
0.9 1.1
11.1 0.8
26.1 1.3
5.5 12.3
3.5 5.1
4.1 1.0
12.6 8.2
1.8 9.2
8.8 3.0
12.1 10.2
6.9 4.0
4.6 2.5
1.9 18.7
10.4 0.8
16.9 18.9
4.1 10.6
18.7 9.6
11.6 20.6
5.9 6.5
1.3 2.3
7.0 3.4
7.8 0.7
0.1 8.7
7.3 10.2
26.0 2.1
2.4 7.7
4.5 13.1
6.9 5.0
4.9 22.2
6.6 21.7
12.8 20.3
11.0 9.9
2.1 6.6
2.1 5.7
3.7 3.2
11.0 8.2
12.6 0.2
10.0 4.5
7.0 18.2
18.9 14.8
6.7 8.7
13.4 6.1
9.7 1.9
6.6 7.0
6.4 2.7
6.2 14.9
7.2 11.2
2.3 6.9
6.8 0.8
10.5 10.2
10.3 22.4
11.4 4.7
7.2 6.6
8.3 2.5
12.5 6.1
5.0 3.1
10.9 20.1
8.5 14.6
33.0 5.5
1.2 15.1
5.6 2.7
10.7 7.3
13.8 6.9
6.3 1.3
6.7 5.8
22.8 9.4
0.9 4.8
15.6 14.6
14.0 0.8
19.0 5.6
5.2 7.8
15.6 3.1
6.9 2.1
12.9 12.9
15.1 5.6
0.2 19.4
2.4 19.0
10.6 6.6
8.6 0.0
9.8 0.5
13.2 9.3
9.9 2.3
5.8 2.2
18.1 10.0
20.4 3.9
4.7 1.5
17.0 4.6
14.5 8.1
4.2 0.6
17.5 1.7
7.0 0.1
4.1 1.0
12.4 7.1
0.4 0.8
1.2 37.0
9.8 5.8
9.1 8.4
7.5 0.7
0.0 12.1
2.2 17.3
18.9 8.4
12.9 6.8
6.7 8.5
6.1 14.8
15.9 18.7
11.0 4.0
13.5 14.0
7.3 7.5
11.7 7.3
13.9 9.0
5.4 0.1
2.9 12.2
16.2 5.2
2.1 11.4
2.3 6.1
8.6 6.6
5.7 23.7
6.1 23.4
12.8 2.8
12.9 9.6
10.5 15.4
5.6 3.2
5.7 1.2
10.7 5.4
5.9 21.8
15.1 3.1
7.0 5.6
3.9 22.8
12.3 8.8
3.4 9.0
2.1 0.9
7.9 5.8
3.9 3.6
5.5 5.6
7.0 14.5
8.6 5.7
5.5 15.7
4.6 0.4
13.2 30.0
9.8 6.6
1.5 4.1
3.1 4.0
4.0 11.9
5.4 25.1
2.8 7.8
1.0 10.3
6.2 11.9
4.3 10.2
6.3 3.3
11.4 2.4
10.4 8.8
4.8 0.8
6.2 0.9
5.3 18.3
12.0 9.3
10.8 8.4
16.7 11.3
7.2 26.6
5.7 13.6
20.0 23.5
0.1 15.9
8.8 1.0
3.7 9.1
2.8 18.0
8.6 9.2
7.2 1.7
12.3 0.0
8.4 8.4
17.8 0.1
7.6 0.2
11.1 24.4
8.9 3.6
0.9 1.2
16.9 15.4
17.9 14.6
19.6 13.0
4.8 6.5
13.1 13.4
3.4 19.3
2.8 8.7
7.3 4.0
4.0 0.3
2.9 10.2
3.1 1.8
7.1 14.4
5.5 2.2
1.8 6.3
10.6 7.7
7.7 1.6
8.4 2.3
5.4 10.8
4.1 11.4
10.1 3.8
9.4 3.7
4.8 4.7
5.0 2.9
18.1 4.3
1.1 3.1
8.2 3.3
2.9 1.1
5.1 16.5
7.5 14.2
9.3 8.5
1.3 8.8
3.4 15.5
2.7 8.5
3.6 0.3
15.2 5.9
16.0 14.0
19.6 2.9
3.5 6.4
19.2 9.8
19.7 2.6
0.1 0.8
13.3 5.2
19.8 11.7
17.5 5.9
0.3 3.9
7.5 12.8
15.7 7.8
0.7 1.1
8.3 12.2
6.3 17.8
4.2 0.3
12.2 7.5
10.6 15.9
6.5 14.4
14.5 11.5
8.7 13.9
6.4 19.2
9.9 8.8
3.9 5.8
19.9 5.3
16.1 20.8
3.6 11.0
6.4 22.3
8.3 7.3
2.6 0.2
3.6 14.1
2.7 3.9
13.7 6.9
5.5 4.5
0.7 20.1
0.6 1.4
10.3 9.8
9.0 1.7
3.6 24.3
12.3 4.1
8.2 13.0
1.5 3.1
21.4 4.0
27.6 3.5
5.6 13.1
7.1 11.3
6.6 19.7
15.0 9.0
6.7 5.0
6.1 7.7
21.1 4.6
15.5 11.7
18.9 3.9
4.5 1.2
19.6 5.9
9.9 10.9
11.6 12.4
17.8 4.0
3.8 2.4
9.4 20.8
10.2 10.5
5.6 2.6
4.4 4.1
1.8 4.0
9.9 12.2
0.8 11.8
11.1 5.2
6.5 2.8
10.9 2.9
10.3 7.1
4.5 8.9
5.4 30.9
0.1 12.3
14.4 1.0
10.4 20.4
2.4 4.5
26.9 7.2
15.2 16.2
0.0 10.5
14.9 1.8
3.8 6.8
7.2 9.4
4.8 5.6
6.0 5.3
2.2 11.4
9.1 6.5
4.8 6.1
1.3 1.1
18.7 2.8
12.3 17.4
7.4 14.8
9.8 9.6
9.6 11.2
5.1 8.0
12.2 6.5
7.0 7.2
1.6 7.2
6.8 5.0
3.8 11.3
14.3 0.6
8.2 2.7
20.5 4.6
8.2 11.9
10.4 0.9
9.3 1.4
2.8 0.6
1.2 1.4
2.3 4.5
5.5 6.2
8.9 4.9
11.9 1.4
8.9 9.4
12.8 2.9
9.4 5.7
10.6 4.2
29.4 5.5
5.3 6.4
17.8 5.2
12.6 10.4
5.8 8.2
13.0 17.3
25.2 4.6
15.7 9.5
13.8 12.1
10.2 7.4
3.0 1.7
18.3 7.4
7.6 20.4
2.0 19.7
5.1 1.7
5.5 4.4
9.5 11.6
11.0 25.7
12.7 0.5
0.3 9.6
5.0 18.8
6.7 22.7
19.1 0.6
7.6 11.5
3.8 6.3
3.4 2.8
0.3 5.1
15.0 1.7
6.0 0.0
4.5 9.9
13.6 1.5
11.6 4.2
7.4 5.0
5.2 1.7
9.2 7.7
2.3 1.9
12.2 13.8
3.2 6.0
10.7 0.4
0.1 6.7
6.2 4.9
2.4 0.9
6.0 1.8
11.8 7.3
5.6 13.3
8.9 3.0
12.1 13.6
8.8 9.0
5.6 0.1
4.1 17.8
6.0 6.5
11.7 7.4
7.3 3.4
4.3 12.9
1.6 4.3
3.6 5.8
2.3 13.9
19.0 5.0
3.5 1.9
5.6 4.6
8.1 0.6
3.2 1.3
7.9 1.3
10.0 8.3
1.8 6.7
13.1 7.6
0.7 0.5
4.5 16.6
2.7 17.5
9.0 13.5
9.3 6.1
3.2 18.1
11.7 20.6
5.2 1.9
19.3 0.5
15.0 2.9
1.4 2.3
7.3 6.2
12.6 5.5
0.2 13.7
2.2 18.8
2.5 9.7
3.5 2.3
0.2 6.1
2.5 3.5
3.0 2.8
0.0 2.5
3.2 5.6
1.0 9.8
10.3 2.6
4.8 3.9
6.7 14.1
12.4 15.0
0.5 3.4
15.5 8.9
0.7 5.8
0.4 6.2
5.2 14.6
1.7 4.4
11.7 8.9
13.5 0.2
1.9 1.9
6.7 0.3
2.1 1.1
6.9 4.1
0.9 8.7
27.4 5.5
2.8 13.2
15.8 7.3
2.4 8.7
3.0 13.0
22.6 19.0
2.4 3.1
19.9 5.7
10.5 14.7
3.7 3.3
12.3 14.3
13.6 15.2
5.9 0.8
7.9 8.8
9.9 3.2
18.4 1.3
7.4 6.0
17.7 2.5
4.8 4.8
4.4 1.1
8.5 1.6
12.0 1.8
0.4 14.9
16.1 3.7
13.2 7.2
2.4 22.4
4.4 17.5
6.3 2.6
0.5 6.9
16.4 2.6
1.5 7.9
21.9 11.8
3.1 2.7
0.9 16.9
5.7 0.9
7.4 2.4
5.5 5.1
11.1 16.3
6.1 9.6
18.1 9.8
1.0 7.6
19.6 9.1
7.4 1.6
8.0 5.8
8.1 4.4
16.4 5.3
4.0 3.6
5.4 3.0
5.6 21.6
8.3 2.9
10.4 7.8
11.3 8.6
21.5 7.6
9.3 8.7
13.8 11.7
3.8 5.0
0.2 4.9
1.4 2.3
1.7 4.3
12.3 1.4
10.4 19.0
1.5 3.1
4.0 3.6
2.0 3.5
16.8 4.6
1.1 13.4
4.5 11.1
3.7 1.9
3.5 5.9
13.3 0.9
22.4 9.4
18.9 1.4
10.4 0.4
16.2 19.8
5.3 6.4
10.3 0.9
19.8 4.1
8.8 0.2
2.8 13.0
17.8 4.7
2.9 4.1
10.6 0.4
20.3 1.7
6.7 16.3
9.0 18.1
4.2 6.0
16.1 3.9
10.1 5.4
0.4 2.3
1.8 3.0
0.2 11.7
3.2 1.4
9.4 8.5
7.2 1.2
9.5 6.9
13.9 18.8
2.3 3.0
4.0 0.7
14.1 19.7
23.9 2.9
15.6 5.9
5.2 9.1
7.4 2.9
13.0 0.3
6.4 10.9
4.5 19.1
3.1 12.5
10.9 14.7
15.4 2.9
17.7 3.5
1.8 11.3
7.8 15.5
7.0 8.5
16.2 1.3
12.5 10.7
26.6 1.5
16.5 2.1
3.5 0.9
6.4 4.0
8.8 13.3
2.9 8.9
15.3 1.1
3.1 0.4
2.6 1.4
6.3 14.3
15.9 2.5
22.1 4.2
1.9 15.7
13.7 0.6
11.7 7.7
7.9 1.4
3.3 2.4
1.3 0.7
6.3 3.1
3.7 11.4
2.0 9.3
1.3 10.7
2.3 20.0
8.3 7.7
17.1 0.3
7.6 6.7
9.3 11.1
15.2 2.3
8.0 13.3
2.2 7.0
19.5 15.3
2.9 0.2
11.6 17.0
13.8 6.9
19.6 7.8
18.4 16.0
7.4 13.4
28.2 0.8
8.0 11.2
4.2 3.1
11.3 0.7
12.1 0.1
0.7 2.8
4.0 2.1
7.4 18.4
23.4 0.6
22.2 9.2
7.0 19.1
19.5 8.4
18.5 15.1
13.7 11.9
10.1 0.1
6.8 1.9
9.7 7.3
5.9 4.4
12.9 2.7
8.7 3.4
6.5 25.4
17.0 7.2
1.6 2.0
8.7 3.2
13.8 5.9
12.0 12.1
1.9 18.3
0.9 4.8
4.3 7.7
16.6 5.9
9.6 4.3
4.7 1.6
1.2 15.0
10.6 9.3
12.5 4.2
9.3 3.1
10.9 2.9
2.6 5.9
8.4 6.6
9.0 24.6
0.4 0.9
9.4 12.8
4.2 0.6
3.3 8.3
5.8 2.3
10.6 6.6
14.6 10.8
11.6 0.8
2.9 14.4
2.5 14.0
7.6 7.4
10.4 0.6
4.0 4.4
6.8 0.9
5.2 8.3
7.9 6.7
15.4 16.1
14.5 5.2
0.5 11.1
4.4 14.8
12.0 9.9
