6 3
2.9
6.257 16.220 0.636
10.814 1.662 14.086
6.426 5.837 17.382
10.877 16.158 10.425
3.385 25.389 17.156
11.097 7.499 10.810
15.915 4.157 12.097
7.883 1.197 0.381
13.080 0.471 4.725
2.136 0.830 3.873
0.370 6.044 1.991
12.562 6.248 6.374
1.981 0.272 0.480
14.829 5.095 5.954
1.812 3.057 15.370
2.722 16.007 5.893
14.233 15.134 6.503
17.952 10.078 20.604
1.591 12.582 7.000
12.268 5.600 5.934
12.271 11.406 10.373
25.067 1.128 0.390
2.636 4.372 12.435
0.270 7.939 14.336
0.003 20.119 10.997
1.181 9.068 15.180
11.024 5.231 17.431
9.446 0.740 7.896
6.875 6.505 19.301
0.200 9.870 2.552
1.416 19.911 13.347
1.787 14.683 32.013
4.792 6.258 12.559
8.920 11.544 22.171
4.218 9.975 8.324
2.174 11.643 10.088
8.814 1.445 7.209
6.938 14.677 8.001
3.342 13.197 11.355
0.171 1.703 2.808
4.379 11.211 6.591
2.223 3.966 19.173
5.248 9.186 4.156
3.288 6.480 8.268
15.090 4.009 4.042
9.054 1.894 15.736
19.174 1.450 2.830
5.639 19.336 8.639
12.307 0.867 2.836
0.832 17.576 21.651
10.043 6.419 5.006
6.021 1.342 9.595
12.616 0.396 9.467
7.545 15.984 5.087
2.835 5.433 4.162
10.595 5.937 6.899
13.942 6.607 8.262
6.146 2.484 4.082
3.176 5.147 4.049
4.951 0.872 12.434
5.044 17.431 3.160
2.154 1.795 14.451
12.090 8.289 9.915
3.638 8.980 12.644
6.933 2.090 6.017
21.075 1.495 10.451
19.195 24.891 6.822
16.887 6.182 0.979
21.264 2.563 4.365
4.639 10.264 3.457
4.171 4.853 6.329
1.915 6.967 1.798
2.564 6.723 9.687
2.995 6.288 19.322
11.803 6.376 17.285
14.802 20.838 21.742
10.096 5.201 10.365
15.853 3.351 6.205
1.359 10.983 14.490
9.792 10.046 9.260
12.282 5.632 5.618
13.366 1.191 0.432
10.546 5.261 2.291
3.048 13.286 4.170
7.245 11.884 0.587
7.804 3.197 8.109
18.834 3.930 8.657
0.323 2.993 15.166
19.706 2.303 29.244
12.525 6.287 0.309
24.759 16.291 18.463
3.546 15.096 0.024
1.626 10.649 1.083
7.586 2.566 10.369
24.441 5.560 20.574
14.649 15.896 0.234
2.764 12.674 4.547
4.693 7.605 0.968
11.148 19.074 10.766
7.036 3.313 18.201
2.235 16.824 11.270
15.321 6.935 0.103
10.871 9.251 6.239
9.536 2.881 2.162
6.570 8.835 2.689
7.439 7.107 10.219
3.463 7.426 0.905
0.124 15.072 30.857
4.413 2.560 8.619
0.805 7.393 3.702
1.148 4.134 2.685
20.519 3.443 0.891
5.805 7.174 4.480
10.903 3.590 22.406
4.639 6.496 17.040
3.519 6.766 9.776
13.684 17.131 24.028
0.313 5.796 11.682
9.725 6.301 3.789
3.036 4.376 12.677
16.696 2.146 6.473
4.512 6.709 18.045
7.988 21.149 9.384
15.073 5.108 14.784
3.213 7.603 2.436
6.207 1.943 0.904
3.640 7.199 5.951
9.958 10.246 2.927
1.581 16.951 16.591
8.026 7.257 8.973
17.958 9.547 8.847
26.379 5.231 23.673
6.139 3.961 7.484
12.730 2.066 0.817
14.368 5.775 11.910
11.450 5.146 13.298
4.850 5.100 1.385
10.751 9.120 1.551
4.586 0.781 7.832
4.413 10.074 7.223
8.431 3.252 2.492
5.162 14.805 3.947
2.430 10.273 9.610
11.964 6.253 9.156
5.010 0.144 3.531
7.437 10.182 16.368
2.619 6.701 1.054
8.789 2.569 19.740
8.790 0.847 6.130
3.509 4.138 15.740
1.864 13.374 15.942
3.393 4.464 9.193
1.021 19.802 10.884
0.352 2.855 3.387
5.533 10.432 2.213
7.406 1.983 16.158
4.440 10.053 3.389
5.439 15.256 0.680
2.108 1.161 1.623
1.285 6.960 0.650
2.183 9.665 13.470
14.728 2.077 4.965
0.752 8.027 8.124
0.777 3.722 4.427
19.410 17.512 6.441
6.049 6.392 14.699
2.170 1.804 16.048
7.288 1.797 6.771
1.454 21.296 10.500
8.802 5.837 0.302
8.137 1.362 13.659
16.292 14.894 8.156
0.738 11.430 12.409
17.598 12.339 3.616
5.029 0.112 22.235
0.362 4.402 10.018
8.196 4.961 3.430
17.525 3.887 10.278
13.103 14.214 7.187
0.830 5.411 2.084
14.136 5.658 9.356
1.470 12.177 8.030
4.476 0.260 2.441
17.087 4.551 3.718
9.555 14.339 10.299
1.400 9.393 5.202
10.716 18.299 5.789
0.547 3.095 6.347
8.162 13.175 8.454
3.847 0.323 4.887
2.403 1.911 0.495
6.817 21.664 13.011
0.281 4.352 4.474
4.507 14.752 1.416
7.605 15.045 16.168
2.336 3.280 1.330
6.819 0.011 14.525
11.848 6.494 8.143
3.199 0.930 3.849
8.647 1.180 0.980
7.412 12.961 6.074
9.159 9.320 2.453
0.293 6.563 1.362
3.649 7.542 17.948
9.381 5.571 3.521
0.020 25.363 11.212
4.534 8.024 0.381
11.984 9.502 13.716
14.897 12.699 9.990
13.882 9.881 17.479
10.096 15.834 5.093
6.511 16.823 1.514
12.071 2.490 11.907
2.131 9.886 6.652
9.995 9.702 12.288
3.428 5.720 9.337
13.683 1.373 7.303
22.199 9.205 0.554
4.698 6.472 13.547
7.999 11.198 7.864
10.401 7.765 8.544
7.452 7.743 0.346
12.466 5.875 11.049
16.577 0.935 2.127
10.706 6.428 2.307
1.420 1.498 0.201
1.692 19.182 1.342
2.270 3.660 4.292
12.791 9.359 14.069
4.371 0.304 23.980
11.662 1.548 6.127
7.878 16.463 11.066
2.632 3.439 6.202
10.635 14.715 8.409
16.907 9.570 7.860
9.742 3.898 14.048
7.821 2.520 19.649
11.247 2.723 16.627
4.956 9.637 1.421
4.123 0.463 17.511
1.236 0.492 4.492
0.554 16.329 0.623
13.127 7.334 1.827
7.341 0.808 8.876
11.883 2.674 9.562
4.842 11.100 5.522
14.627 4.274 4.037
3.847 7.394 20.293
17.299 14.979 0.988
16.802 4.859 6.927
18.416 4.834 1.325
24.264 0.312 13.608
15.054 4.235 11.931
10.598 8.749 2.624
0.370 15.716 7.803
0.501 7.168 11.059
17.001 16.879 4.641
7.108 0.156 4.743
9.652 2.201 0.238
3.345 4.098 3.903
4.336 3.746 14.350
23.661 1.561 2.211
1.411 4.888 11.600
4.027 1.605 3.931
22.035 16.923 3.982
2.794 17.073 2.978
7.788 15.622 15.144
3.557 5.642 1.464
16.356 6.661 2.740
15.481 1.748 10.101
5.043 9.223 14.384
6.162 7.699 11.485
4.343 2.685 13.273
4.775 0.135 0.103
3.776 3.242 3.094
9.360 3.841 7.905
7.039 9.714 10.705
11.923 22.094 2.838
8.049 11.576 2.055
15.610 0.900 0.038
4.230 6.856 11.155
10.416 6.904 16.653
2.527 0.117 7.710
9.159 9.515 2.877
3.575 2.376 2.011
12.033 0.972 7.468
2.301 1.395 2.134
2.804 1.449 11.328
4.149 8.829 2.332
0.690 11.522 5.636
2.817 15.839 4.947
5.317 3.501 2.329
8.370 1.742 12.248
6.395 3.510 5.474
20.583 5.228 3.598
5.214 11.491 2.496
15.830 2.353 12.378
21.560 2.365 14.561
22.378 1.794 1.204
7.100 2.295 5.433
1.979 7.576 5.381
11.934 11.319 12.053
5.842 20.272 2.434
6.054 1.972 12.223
2.902 15.682 2.829
7.030 0.113 2.246
1.619 19.415 4.352
2.457 2.695 4.159
21.661 0.914 8.197
8.931 23.906 15.352
15.832 0.603 13.261
7.569 5.037 8.122
15.356 25.859 10.848
9.776 0.999 2.327
15.726 6.514 5.578
7.935 6.390 12.316
2.547 0.734 0.187
11.571 7.916 6.131
2.971 2.421 2.606
8.596 3.945 20.389
18.166 4.041 6.077
4.236 2.177 19.827
14.792 0.878 15.807
0.356 19.996 20.129
6.315 12.493 19.078
9.891 7.332 2.799
5.322 4.084 11.493
11.993 7.676 6.752
26.081 11.942 0.026
8.801 5.610 1.284
7.605 5.838 4.423
3.379 22.449 6.939
18.134 5.039 16.020
10.823 14.722 0.563
6.122 4.366 9.570
8.041 4.580 7.380
6.896 6.870 5.171
4.617 9.633 6.912
8.230 5.156 11.288
20.644 14.262 10.466
13.171 11.386 14.246
6.568 8.644 14.019
13.715 5.392 7.930
2.957 3.728 1.056
2.948 7.616 1.952
14.971 11.969 0.419
4.249 17.519 2.349
10.250 4.496 6.304
3.803 0.308 5.810
16.829 0.343 5.300
6.215 6.990 0.825
22.268 4.409 4.814
3.814 3.036 2.937
3.663 1.778 10.682
7.107 7.714 6.012
0.938 7.902 8.180
2.769 14.940 4.423
1.819 2.622 2.447
7.687 9.141 2.486
10.294 1.231 5.902
0.296 6.583 4.051
0.766 4.685 3.262
0.972 9.933 12.973
6.023 6.277 5.279
3.312 3.709 5.389
1.287 5.005 6.916
0.034 11.955 22.346
3.148 10.720 21.073
11.073 4.464 1.614
13.461 1.333 3.418
15.598 6.828 8.947
16.737 8.026 15.065
2.259 20.359 0.100
4.098 9.439 6.173
4.741 8.156 2.025
4.592 16.884 0.520
10.473 4.560 1.985
10.502 1.187 4.315
2.557 0.729 0.648
5.417 6.560 5.002
0.752 2.426 5.075
3.781 7.098 17.831
23.446 17.919 5.795
8.626 5.606 12.796
2.644 2.526 14.619
0.696 26.563 1.421
4.647 9.223 1.570
4.468 2.719 15.434
4.580 7.350 0.420
2.797 19.524 2.149
9.561 4.639 8.716
1.918 7.481 2.145
11.958 1.028 11.365
18.735 26.568 11.259
0.577 8.504 0.696
9.632 9.570 0.457
11.366 9.585 3.565
11.738 18.875 29.571
14.206 20.914 11.521
8.830 0.759 1.952
9.451 24.892 0.794
7.195 3.594 5.731
11.913 6.955 0.526
14.009 8.009 3.616
5.271 10.779 14.729
12.055 17.328 27.242
4.896 0.945 10.332
8.151 17.994 2.364
11.367 6.264 3.033
10.723 17.877 3.217
13.313 8.844 11.267
5.193 3.445 1.541
4.573 1.191 0.944
4.010 2.376 10.136
10.122 2.411 3.593
1.050 3.203 0.755
9.855 4.834 0.337
7.475 11.907 3.412
4.566 4.927 2.818
1.105 8.124 1.462
3.307 13.523 1.670
0.909 3.300 1.960
3.403 11.603 14.346
7.971 4.531 18.166
6.400 5.665 4.944
11.099 6.561 8.566
11.065 5.302 0.776
7.685 2.352 13.074
11.458 2.848 17.230
9.443 4.297 6.589
2.685 17.248 7.069
7.128 3.940 6.875
6.731 2.612 1.245
13.050 18.517 1.415
13.786 22.817 7.136
13.762 9.708 5.479
11.199 14.343 9.092
4.106 4.952 13.200
5.974 14.632 3.299
5.610 8.175 5.942
0.339 1.187 8.860
12.804 1.611 2.787
10.436 3.860 2.040
3.307 12.807 9.982
4.244 5.797 3.484
10.311 1.363 3.786
6.158 3.008 11.578
25.583 10.587 18.077
0.676 7.814 18.552
8.958 8.928 11.660
5.799 7.539 2.107
17.377 8.184 16.547
10.027 12.283 18.725
5.547 4.552 4.036
8.487 6.591 4.632
0.827 1.165 6.448
7.545 14.045 24.645
7.133 6.840 12.667
2.979 0.010 4.678
4.920 6.918 8.960
7.279 5.288 15.241
1.156 7.477 13.120
0.134 12.415 6.246
7.443 12.641 9.658
7.543 8.381 6.228
11.218 1.703 14.422
8.647 4.918 2.076
2.817 13.206 4.955
11.421 6.426 9.474
3.295 5.327 8.875
8.417 6.896 19.199
9.169 7.690 2.259
1.254 10.551 2.194
16.031 4.279 4.022
0.082 10.040 11.663
11.469 3.808 16.601
0.041 15.533 15.388
5.043 4.536 0.029
10.913 26.800 3.444
8.787 17.914 21.595
0.189 1.030 2.385
9.533 15.649 4.119
9.489 0.903 20.235
19.175 6.727 8.628
15.121 4.081 11.685
11.364 6.447 16.231
4.390 6.293 6.933
4.257 11.982 0.072
3.060 11.983 9.200
7.723 8.120 5.128
1.394 15.636 12.115
4.931 18.361 2.535
10.891 8.526 6.209
0.964 8.898 1.291
11.863 17.155 4.869
14.781 9.158 3.852
0.159 9.153 8.194
12.621 18.908 8.092
2.604 3.737 18.149
17.146 2.421 4.783
14.031 15.707 4.470
12.735 3.349 8.263
0.770 10.441 4.190
3.436 0.551 10.508
4.465 1.367 15.803
0.795 1.836 0.474
9.503 11.604 1.498
9.606 8.041 5.279
0.542 0.180 11.719
15.215 10.566 4.287
4.325 2.464 5.587
19.061 6.493 13.792
6.431 6.322 3.207
11.870 0.050 13.417
6.812 11.181 6.431
6.470 19.120 0.867
2.027 14.163 7.295
6.092 0.593 5.332
16.835 26.430 10.423
2.414 23.393 5.348
0.256 2.661 14.302
0.525 0.181 0.238
15.202 6.013 2.115
3.385 7.865 8.748
10.240 4.523 10.759
10.526 6.849 6.514
3.734 0.322 4.681
8.011 17.466 2.198
21.185 8.095 6.309
6.665 1.563 14.464
3.857 8.710 8.970
9.164 9.522 12.029
19.517 5.733 14.516
1.403 15.370 11.308
10.046 5.835 5.459
10.726 13.489 2.243
10.410 6.536 13.418
1.163 7.363 1.436
1.715 21.947 2.144
0.313 0.264 6.086
2.175 14.329 1.596
8.080 5.135 13.918
14.949 2.708 1.977
10.062 7.731 6.256
12.821 4.331 3.979
9.393 10.136 4.271
0.509 19.365 0.649
0.280 6.840 7.137
11.712 7.235 1.567
22.417 10.911 4.341
2.810 11.069 20.156
14.132 5.450 7.028
9.409 3.729 8.307
15.275 9.899 0.145
7.268 4.678 18.515
30.419 2.034 5.418
10.139 9.601 18.370
7.562 2.086 12.296
18.988 4.503 6.521
4.462 3.023 8.881
4.734 8.373 10.064
8.771 3.111 16.621
8.280 15.327 24.940
9.142 4.216 4.204
12.516 6.049 12.372
15.821 4.963 12.751
1.261 5.385 1.164
0.040 6.692 4.830
9.227 9.241 1.443
17.706 1.173 3.518
11.803 9.207 4.593
21.706 11.949 14.301
16.679 4.036 1.242
0.592 7.630 1.660
13.418 7.997 4.552
6.492 3.524 6.405
10.817 9.278 7.327
6.156 3.633 4.138
14.881 25.299 3.126
5.779 11.436 0.982
2.793 4.163 9.566
6.172 9.368 3.667
6.607 15.173 10.026
9.321 6.538 1.415
4.440 6.832 24.953
1.700 5.805 2.027
10.249 19.097 10.168
10.158 18.563 9.158
7.175 11.522 0.007
6.165 11.634 1.822
5.789 3.588 5.464
1.988 8.236 4.793
24.765 9.947 0.746
13.475 15.359 2.880
14.606 16.540 4.156
7.678 4.288 12.906
3.730 9.088 3.339
2.000 20.289 13.499
7.096 6.563 5.048
11.847 13.402 2.137
12.468 1.858 4.441
14.108 9.895 1.761
28.910 5.858 15.093
10.415 18.018 4.827
6.851 5.525 19.685
8.671 9.749 10.484
22.330 7.327 7.540
15.776 7.674 14.843
4.227 4.690 13.542
3.424 0.547 10.209
8.952 4.192 5.081
6.890 4.395 2.207
2.818 0.328 5.311
1.730 16.655 0.205
2.686 0.251 10.975
2.147 3.620 13.304
0.360 19.355 3.449
2.407 15.084 8.743
10.744 1.851 1.850
4.516 14.917 10.414
19.390 2.847 21.678
3.916 6.538 6.641
7.734 0.498 11.585
20.445 14.137 1.701
3.313 13.573 13.417
8.942 16.740 2.892
3.866 1.370 9.157
2.282 7.967 0.451
8.405 9.100 2.424
17.588 7.610 8.933
13.816 7.231 7.971
9.792 5.088 3.325
8.893 0.604 20.023
24.214 12.625 0.619
10.203 16.481 11.463
11.188 1.611 2.966
3.373 8.783 8.952
18.099 3.610 6.250
3.156 7.427 2.862
5.443 3.815 0.381
3.261 11.025 12.725
3.653 29.105 11.096
1.810 6.297 2.033
10.294 9.892 16.812
4.379 15.888 8.617
0.322 28.074 9.837
29.905 4.778 8.363
13.170 11.254 2.713
13.113 4.829 0.405
13.323 1.506 4.574
9.834 2.284 7.231
22.538 14.120 10.635
9.277 7.095 8.548
11.703 15.636 12.848
9.566 4.555 16.977
14.054 7.590 3.332
12.798 12.914 12.557
7.422 6.923 11.657
9.115 2.832 6.892
4.806 11.535 5.989
3.862 0.147 5.401
15.579 3.863 9.664
5.181 2.701 13.824
2.256 3.409 13.993
7.534 0.194 1.779
7.405 4.917 3.550
10.771 8.271 6.279
14.578 2.872 2.500
2.761 1.497 0.544
2.378 2.863 9.020
2.939 0.557 7.677
1.565 0.445 12.791
2.221 1.721 10.445
16.929 10.029 22.748
9.259 6.542 10.531
6.326 3.329 6.693
11.306 9.728 0.624
17.070 10.408 5.380
10.854 7.724 7.767
7.641 14.667 1.786
15.688 4.065 14.190
8.258 7.218 5.518
12.307 21.671 8.357
1.209 6.573 6.446
6.547 9.950 23.600
11.594 12.770 8.330
4.708 20.625 22.317
6.654 15.054 14.173
0.976 12.709 7.637
1.056 7.543 1.819
1.975 11.269 25.095
11.701 2.388 3.158
4.892 17.336 14.830
12.410 6.857 12.811
4.746 11.966 7.169
0.329 26.885 4.431
4.072 6.231 6.809
12.079 1.407 1.959
6.554 12.471 8.440
0.609 5.516 4.108
10.626 16.792 4.438
5.474 21.519 0.079
16.247 5.292 5.146
7.277 11.582 6.157
13.226 10.142 13.087
8.472 14.131 15.261
7.465 16.940 3.213
7.310 1.640 17.804
8.669 21.029 7.824
8.148 20.052 5.917
1.739 1.713 7.794
5.600 27.965 11.571
6.732 7.580 12.152
2.157 10.082 28.908
14.925 6.997 5.536
6.220 13.209 7.435
10.728 0.685 9.661
21.750 14.673 7.014
12.622 16.764 8.542
12.883 17.086 11.751
10.542 11.571 9.249
8.788 10.726 16.788
10.957 4.568 1.218
0.424 7.588 6.916
5.047 3.650 17.433
1.242 8.298 9.838
22.360 8.866 1.659
9.423 8.553 6.446
7.239 13.816 9.246
2.531 6.634 5.835
13.653 4.748 21.543
18.249 11.198 9.984
7.500 6.314 3.687
9.169 10.436 0.849
0.842 6.640 10.040
3.199 3.133 12.929
7.601 0.777 2.866
23.474 12.119 11.828
20.026 17.856 13.922
6.508 6.727 32.156
0.593 6.062 3.455
2.179 10.594 11.055
12.900 10.045 5.161
0.679 7.555 0.662
13.869 6.349 12.713
10.173 3.487 9.521
9.004 1.936 3.109
7.964 6.516 18.426
7.569 7.771 3.667
3.941 6.237 1.417
18.624 20.610 5.161
8.177 1.545 14.796
0.572 8.448 14.000
1.473 11.008 6.387
13.096 7.889 27.404
5.300 11.545 1.758
5.497 3.350 14.830
15.145 13.045 8.814
14.226 1.305 20.281
16.646 30.507 5.686
12.769 5.724 8.169
9.293 10.397 31.721
0.298 15.685 4.784
0.535 19.721 11.821
11.678 2.896 2.957
8.869 5.998 17.597
2.185 8.949 16.049
4.214 1.540 10.160
12.565 7.042 1.045
1.090 2.276 25.058
12.201 12.179 2.087
11.116 11.282 2.957
8.777 3.646 5.300
9.572 8.037 13.134
2.431 11.230 1.449
17.367 0.337 2.913
6.431 4.466 1.101
7.986 22.815 9.962
5.901 4.735 4.328
29.119 7.647 15.625
0.687 11.213 3.030
18.431 2.381 21.006
1.131 5.353 5.811
1.296 16.817 1.027
0.263 0.908 2.075
2.249 4.968 15.356
24.796 27.609 11.317
8.180 3.010 20.021
19.207 2.661 4.084
1.476 14.069 7.453
9.881 15.805 1.183
15.422 9.073 1.591
2.387 2.074 14.516
10.073 14.734 13.664
13.995 4.171 7.093
9.628 7.856 7.727
9.280 12.430 0.790
15.865 5.173 4.755
14.645 12.702 0.285
3.670 0.169 1.873
12.583 1.738 10.227
5.151 4.635 14.832
7.937 9.246 2.906
8.768 13.802 20.030
4.489 1.299 8.621
3.573 7.634 10.590
6.268 11.791 16.374
20.345 2.909 17.766
0.036 11.725 3.213
4.208 10.382 2.462
3.804 7.043 11.209
6.643 8.848 3.698
4.228 8.363 17.433
0.267 4.321 4.500
7.192 26.567 10.253
9.131 21.944 4.976
11.090 0.195 7.867
4.632 1.027 1.533
5.221 5.560 8.782
13.180 8.749 3.305
3.574 8.321 0.809
1.480 0.483 0.337
9.570 2.425 10.981
4.079 6.542 17.128
11.097 7.343 1.655
7.343 5.044 5.564
19.436 3.832 2.400
0.354 5.545 8.705
3.130 4.381 0.160
1.689 9.869 4.446
4.073 11.019 27.815
0.787 7.325 15.269
12.340 6.084 12.783
10.201 6.145 10.454
3.336 8.020 0.924
16.795 8.617 5.261
19.429 13.361 12.008
8.363 1.543 15.082
3.296 1.922 2.567
14.722 11.962 5.738
5.669 0.621 6.449
7.994 1.529 11.827
9.022 18.018 9.800
8.126 4.980 22.859
1.183 6.052 3.641
8.492 8.414 8.638
5.196 3.523 10.692
4.335 15.153 6.785
9.049 6.602 8.055
13.373 1.974 17.034
10.395 3.846 3.072
7.233 6.720 14.623
7.416 5.055 2.570
3.945 4.473 8.827
7.499 18.308 1.477
6.861 7.188 21.081
5.030 4.706 2.931
13.569 7.730 1.573
10.202 2.591 2.594
26.928 6.640 0.298
27.520 13.298 1.062
2.891 1.198 2.727
3.053 1.927 12.617
4.123 1.434 15.977
13.829 14.275 0.286
6.085 19.281 2.418
0.995 2.316 7.785
5.653 4.938 2.877
0.974 9.664 17.120
10.482 5.369 4.570
7.140 12.288 6.421
7.945 13.132 7.715
4.294 0.178 7.832
23.847 28.716 3.772
9.507 0.089 6.205
15.927 9.228 0.785
5.787 13.282 16.458
12.727 2.987 2.767
2.653 5.539 5.875
3.740 19.451 0.861
8.770 8.483 9.775
3.886 9.883 12.080
9.211 9.272 0.172
3.661 15.279 11.691
9.005 0.508 3.476
0.799 7.270 3.834
4.295 0.016 2.996
8.589 3.980 5.866
21.260 22.804 0.124
3.730 2.692 4.922
13.693 8.102 21.813
1.199 10.101 15.477
10.946 20.863 6.271
7.756 10.730 9.387
11.589 5.194 13.571
3.702 4.096 18.168
24.323 5.147 10.396
5.988 22.606 3.892
2.506 13.365 4.977
1.733 10.861 3.130
27.651 3.893 13.981
18.849 1.644 5.478
8.983 11.309 0.483
12.210 8.179 12.056
1.681 3.589 2.286
12.760 2.932 11.247
2.212 3.665 0.336
4.990 12.433 5.467
3.770 3.227 2.498
10.807 9.652 0.669
4.296 2.766 18.288
16.018 9.482 3.675
4.127 5.920 17.535
4.138 8.131 15.888
18.000 15.651 0.225
8.517 3.239 0.696
3.928 4.001 1.458
1.105 3.941 17.487
0.995 4.788 14.095
5.340 11.620 13.069
0.477 1.816 10.789
13.564 14.371 9.178
2.860 6.243 20.874
14.127 10.560 9.861
9.774 7.633 0.928
12.863 6.294 5.988
0.508 12.848 5.912
5.184 12.885 6.752
6.961 6.230 8.329
0.057 9.224 1.270
6.539 10.384 1.269
3.086 0.696 5.050
6.495 16.206 11.535
2.628 14.767 5.750
4.489 11.288 11.445
1.566 4.689 0.976
15.802 7.264 6.858
4.078 11.362 0.540
10.967 5.377 16.356
1.891 14.623 19.459
2.072 6.249 3.380
4.892 15.223 6.969
4.976 2.316 7.628
1.012 7.223 2.370
8.214 13.259 6.624
5.564 20.007 11.428
0.685 2.582 15.248
2.919 11.928 12.760
9.979 8.254 13.503
0.681 9.903 5.210
3.306 18.044 14.919
18.476 4.250 3.173
11.602 4.420 2.295
3.134 0.464 17.517
3.357 5.544 4.852
14.752 1.082 5.108
0.868 13.142 27.581
2.461 6.264 4.206
7.088 15.604 16.048
4.771 8.493 9.903
1.402 6.965 12.632
14.544 17.756 8.712
1.862 15.934 1.207
6.611 2.436 2.488
17.798 0.304 6.768
1.677 2.444 15.103
8.950 6.729 24.660
3.537 5.760 18.828
13.271 4.916 3.765
18.911 15.397 7.224
8.586 3.333 10.292
11.939 0.934 2.837
13.568 9.871 6.190
9.300 0.369 5.821
7.076 12.037 3.876
2.422 17.307 0.743
0.521 0.522 10.471
8.253 6.559 4.540
10.574 4.384 4.009
3.200 3.817 0.960
13.923 9.064 5.409
7.177 15.725 9.971
8.565 11.040 18.545
13.144 17.198 10.999
7.819 18.098 18.085
0.877 4.455 2.883
8.919 7.839 4.408
10.704 0.193 26.884
15.061 12.236 0.126
10.344 28.042 4.531
5.452 0.366 5.908
5.782 10.613 11.468
13.931 2.644 14.389
12.946 5.219 1.585
15.480 4.642 4.665
7.275 12.346 11.663
1.880 16.762 12.242
2.806 2.761 6.437
9.482 5.747 7.135
5.968 10.557 10.685
2.095 6.072 5.179
8.963 11.833 4.021
1.272 2.504 7.049
18.046 1.991 7.481
10.341 7.224 12.782
17.578 4.006 16.069
7.929 3.505 3.038
18.651 5.546 7.221
4.699 3.829 5.070
8.103 0.197 3.654
16.882 7.603 12.286
19.134 14.122 11.174
3.502 0.036 7.601
8.705 5.719 0.894
0.298 4.062 10.991
9.412 12.404 4.993
2.121 2.344 10.684
3.320 1.341 8.559
0.425 3.706 0.709
5.431 12.091 13.187
1.304 3.999 18.496
16.419 3.038 2.844
2.370 9.442 8.165
17.481 2.271 1.111
4.692 25.064 16.974
6.765 17.779 9.141
10.050 24.559 4.755
19.954 5.122 10.709
17.594 11.378 7.274
5.779 14.050 3.117
7.611 1.937 10.500
5.797 8.618 0.176
3.501 12.936 5.085
33.276 5.686 15.829
4.507 0.349 4.282
0.795 5.204 0.796
8.209 0.464 11.836
3.554 18.466 5.505
9.509 3.454 6.580
13.347 23.388 5.058
2.570 14.443 2.900
4.985 19.063 3.355
5.555 0.546 6.792
1.902 18.657 6.926
6.857 4.608 4.696
3.888 16.030 2.855
10.925 11.431 0.419
4.737 6.770 9.263
7.773 8.608 4.470
1.478 6.201 8.077
7.168 5.694 1.056
2.518 4.310 0.718
3.224 11.650 11.344
5.166 9.316 5.774
1.292 1.542 5.861
6.399 7.386 28.231
13.208 9.324 0.210
1.611 4.441 12.980
5.173 3.722 2.489
10.043 16.939 12.810
3.184 3.007 8.983
6.616 0.190 2.759
5.213 5.675 5.336
15.936 1.946 18.656
6.052 15.608 12.423
16.415 8.139 0.726
0.514 2.317 13.268
2.240 7.763 11.575
2.446 5.483 5.929
18.582 1.377 3.779
7.928 10.183 3.482
8.220 4.485 9.859
2.104 22.462 3.773
2.414 8.481 6.933
16.384 9.748 0.946
9.236 3.847 0.987
6.762 2.590 1.237
10.671 26.012 17.234
6.365 16.267 3.330
18.750 20.546 4.727
4.758 6.552 2.107
8.216 0.013 12.006
2.576 2.496 2.549
19.435 4.652 3.928
12.171 3.939 6.515
8.328 0.219 1.185
4.638 16.980 14.267
9.209 13.457 3.579
11.676 9.006 21.794
11.909 4.039 7.448
2.410 3.992 7.121
5.485 2.572 17.375
1.131 9.741 6.412
3.807 9.380 6.488
4.242 17.204 7.620
9.157 14.129 13.823
4.545 3.963 1.980
0.888 6.301 17.254
4.735 10.603 20.392
7.117 0.382 4.462
4.230 12.120 4.244
3.654 24.375 7.919
1.858 4.645 12.005
7.702 2.754 0.425
5.958 9.944 0.915
3.991 5.824 3.394
0.012 10.893 4.709
14.770 0.326 13.803
4.481 23.068 0.143
3.525 9.290 10.512
6.354 10.577 17.131
1.324 17.928 12.535
11.246 5.265 7.114
3.317 12.572 3.427
0.645 12.849 9.876
6.148 1.474 8.126
13.782 3.368 13.998
9.516 12.053 12.228
8.600 12.459 36.089
17.259 13.870 14.595
1.829 0.241 7.133
9.954 14.055 5.181
1.251 2.661 5.342
3.360 2.006 4.824
13.143 7.924 4.079
4.112 1.765 0.270
7.363 5.287 7.966
4.934 6.536 7.609
3.611 2.815 0.427
4.880 5.709 0.525
2.129 5.294 10.308
7.621 4.632 2.021
1.445 3.153 12.249
4.049 5.469 11.211
3.690 13.624 4.956
15.008 4.680 4.086
15.220 9.703 4.998
4.390 10.028 7.466
4.811 0.842 0.376
1.628 3.826 5.396
1.771 2.967 6.267
25.144 2.325 19.300
15.731 2.389 9.496
2.464 3.738 12.831
8.746 20.398 7.835
1.921 7.169 5.494
2.755 14.750 0.992
16.060 12.865 5.249
3.684 5.084 15.278
4.522 0.181 11.424
1.086 2.173 0.281
3.836 11.938 8.154
6.653 1.811 9.394
9.189 13.441 1.098
1.641 10.903 16.037
0.555 12.390 0.264
16.385 19.033 17.409
9.476 0.130 9.887
9.559 9.170 12.588
7.277 5.405 5.314
5.619 0.693 16.885
5.760 4.486 0.871
12.830 8.346 6.989
7.070 34.370 1.500
1.353 11.205 3.242
3.424 7.607 15.191
4.466 9.192 14.511
18.212 8.866 10.215
1.154 16.282 13.805
0.338 17.681 14.042
1.728 1.080 1.805
9.631 5.013 5.582
4.621 21.285 1.908
7.240 15.148 15.401
4.656 10.725 4.104
3.159 3.805 1.532
14.405 2.369 10.336
5.628 29.099 21.323
3.684 0.711 8.857
13.123 9.814 9.707
12.026 16.370 8.138
12.668 2.929 13.653
1.488 0.473 13.067
24.735 1.921 10.945
3.314 6.316 2.870
7.306 17.659 10.959
8.341 5.792 2.685
4.888 12.103 7.935
3.693 10.037 0.876
3.988 3.220 10.264
9.198 12.628 5.339
17.373 8.201 4.414
11.158 2.399 2.293
3.593 5.515 4.100
7.346 7.466 2.487
10.697 15.302 6.948
1.726 3.514 20.756
1.968 15.574 15.162
2.695 6.925 0.198
6.074 18.299 3.584
4.098 8.890 11.810
11.843 9.834 9.201
5.720 9.697 14.571
12.296 0.961 2.116
0.038 5.899 1.394
2.584 8.115 0.544
13.396 14.035 14.048
5.468 3.450 13.562
8.887 8.027 9.682
6.676 12.708 6.220
0.467 0.299 1.903
2.416 3.878 1.945
3.886 0.210 6.826
13.849 5.468 17.107
3.415 11.459 8.382
14.572 7.885 5.790
6.228 8.376 3.697
2.925 2.503 11.470
2.496 0.046 3.166
6.758 31.211 11.095
10.936 2.678 12.554
2.012 6.686 10.453
1.681 5.179 4.442
18.166 13.049 9.395
3.076 16.403 5.914
7.061 2.094 4.544
0.684 5.157 1.136
9.308 10.196 2.319
20.036 10.037 12.235
14.684 28.251 3.265
6.150 12.676 1.685
14.461 0.015 5.145
0.256 9.347 9.211
0.100 9.546 21.997
0.528 4.678 10.382
2.590 10.730 4.571
6.840 2.033 5.022
4.382 6.031 18.440
0.368 6.814 8.616
8.641 1.536 7.109
2.060 25.393 7.483
5.436 13.400 7.771
4.528 8.033 11.916
16.549 5.645 4.925
9.134 4.137 8.167
20.348 3.919 5.662
6.103 21.942 6.957
3.280 12.151 2.937
12.708 5.834 11.198
6.952 8.393 5.231
7.587 1.403 7.724
5.091 6.717 10.388
25.240 25.503 9.208
6.852 3.671 22.068
4.931 11.088 18.340
4.269 3.283 2.202
1.499 7.308 22.266
5.752 1.746 5.716
9.944 1.925 2.549
6.287 6.380 10.823
16.097 14.462 21.892
7.203 12.425 5.336
4.347 4.321 7.343
6.805 2.987 10.757
7.095 3.094 8.392
5.357 7.238 0.364
15.538 3.555 2.862
4.565 12.906 5.757
3.496 16.623 11.388
0.753 3.973 5.462
23.526 12.824 6.359
23.782 21.767 8.989
0.375 7.716 4.209
4.515 4.007 4.501
3.458 5.618 19.615
10.743 15.459 3.405
5.371 24.127 3.722
5.649 18.757 6.352
17.420 7.613 1.747
0.827 8.510 13.486
6.263 7.382 9.057
7.093 15.291 4.822
15.855 0.202 0.504
5.531 2.781 8.398
0.643 2.383 18.022
21.091 7.739 19.071
5.801 16.034 19.313
15.415 0.182 33.583
0.390 14.407 3.370
5.503 2.501 4.506
12.930 4.723 5.307
3.050 6.687 1.498
12.998 0.200 1.593
15.924 1.014 19.060
1.142 10.516 3.158
7.603 10.390 8.546
9.192 5.879 19.129
11.535 16.203 10.289
2.070 2.344 8.218
4.116 8.404 9.703
3.328 12.059 6.299
12.024 3.509 1.686
3.326 13.567 9.115
19.531 6.482 5.957
0.880 18.410 10.115
20.576 14.331 21.715
8.054 5.406 1.849
16.397 8.676 1.980
8.593 3.930 2.474
20.773 3.304 1.542
2.618 15.623 11.753
18.340 12.954 3.279
10.308 20.390 9.664
5.819 24.791 8.954
13.548 2.412 0.502
6.851 5.930 9.371
4.031 6.729 11.897
6.584 15.942 9.481
0.059 12.397 0.219
17.328 2.427 21.791
2.238 11.374 2.588
7.125 6.122 12.062
4.708 1.028 7.622
18.057 8.115 5.470
8.229 4.770 2.103
11.624 1.740 7.410
4.489 16.990 7.712
6.708 7.956 11.349
1.501 5.085 3.148
5.749 10.225 9.723
5.577 6.802 10.013
2.516 0.941 7.360
19.540 6.802 17.369
4.826 8.948 6.234
2.639 13.617 5.586
2.904 0.756 6.650
13.005 5.902 13.305
4.259 3.396 16.647
6.257 11.706 1.078
9.993 5.241 10.711
6.189 0.666 13.532
6.294 23.190 20.450
18.487 17.210 4.960
4.685 4.232 29.679
1.454 7.564 2.774
4.767 5.757 1.753
3.870 9.274 2.356
19.892 0.678 3.958
6.516 3.696 13.632
9.018 2.256 5.625
3.640 8.794 2.036
17.782 12.492 10.353
2.222 24.421 14.354
0.170 13.861 3.982
0.435 0.211 1.133
4.879 0.580 7.357
6.091 0.839 19.251
18.244 1.775 4.603
5.844 18.409 15.274
7.022 8.692 5.255
7.930 15.975 12.350
18.197 3.803 8.910
8.381 5.263 13.126
20.055 8.017 4.579
7.629 7.225 8.921
27.021 13.487 6.876
0.766 6.130 7.139
19.991 10.266 9.250
3.185 13.151 4.189
10.676 2.618 5.952
0.703 7.857 13.321
1.334 7.221 7.964
2.457 8.867 12.785
1.248 3.413 10.402
13.734 3.191 14.340
3.361 17.410 0.890
7.677 3.368 0.216
1.742 9.237 3.584
1.023 8.380 8.769
6.527 11.726 5.293
7.741 2.723 1.943
7.392 6.661 18.119
0.960 2.093 5.575
2.242 9.527 0.595
7.105 12.385 7.299
5.587 5.036 11.610
8.646 5.682 0.127
0.021 2.159 5.528
20.799 4.749 10.189
13.260 12.041 6.741
10.332 6.451 3.002
5.245 9.261 4.019
0.823 5.156 1.771
5.061 0.282 16.227
2.425 3.229 6.635
